8 72 
12 72 
16 72 
16 68 
16 64 
12 64 
12 60 
12 56 
16 56 
16 60 
20 60 
24 60 
24 64 
20 64 
20 68 
24 68 
28 68 
28 64 
32 64 
36 64 
36 68 
32 68 
32 72 
36 72 
36 68 
32 68 
32 72 
36 72 
36 68 
32 68 
32 72 
36 72 
36 68 
32 68 
32 72 
36 72 
36 68 
32 68 
32 72 
36 72 
36 68 
32 68 
32 72 
36 72 
36 68 
32 68 
32 72 
36 72 
36 68 
32 68 
32 72 
36 72 
36 68 
32 68 
32 72 
36 72 
36 68 
32 68 
32 72 
36 72 
36 68 
32 68 
32 72 
36 72 
36 68 
32 68 
32 72 
36 72 
36 68 
32 68 
32 72 
36 72 
36 68 
32 68 
32 72 
36 72 
36 68 
32 68 
32 72 
36 72 
36 68 
32 68 
32 72 
36 72 
36 68 
32 68 
32 72 
36 72 
36 68 
32 68 
32 72 
36 72 
36 68 
32 68 
32 72 
36 72 
36 68 
32 68 
32 72 
36 72 
36 68 
32 68 
